Quang Tri,
Thua Thien,
Quang Nam,
Quang Tin,
Quang Ngai,
Kontum,
Binh Dinh,
Pleiku,
Phu Bon,
Phu Yen,
Darlac,
Khanh Hoa,
Quang Duc,
Tuyen Duc,
Ninh Thuan,
Lam Dong,
Binh Thuan,
Phuoc Long,
Binh Long,
Tay Ninh,
Binh Duong,
Long Khanh,
Hau Nghia,
Bien Hoa,
Binh Tuy,
Long An,
Gia Dinh,
Phuoc Tuy,
Kien Tuong,
Kien Phong,
Chau Doc,
Kien Giang,
An Giang,
Sa Dec,
Dinh Tuong,
Go Cong,
Vinh Long,
Kien Hoa,
Phong Dinh,
Vinh Binh,
Chuong Thien,
Ba Xuyen,
Bac Lieu,
An Xuyen,
An Giang,Chau Doc
An Giang,Kien Phong
An Giang,Sa Dec
An Giang,Phong Dinh
An Giang,Kien Giang
An Xuyen,Kien Giang
An Xuyen,Chuong Thien
An Xuyen,Bac Lieu
Ba Xuyen,Vinh Long
Ba Xuyen,Vinh Binh
Ba Xuyen,Bac Lieu
Ba Xuyen,Chuong Thien
Ba Xuyen,Phong Dinh
Bac Lieu,Chuong Thien
Bac Lieu,Ba Xuyen
Bac Lieu,An Xuyen
Binh Dinh,Kontum
Binh Dinh,Pleiku
Binh Dinh,Phu Bon
Binh Dinh,Phu Yen
Binh Duong,Binh Long
Binh Duong,Phuoc Long
Binh Duong,Long Khanh
Binh Duong,Bien Hoa
Binh Duong,Gia Dinh
Binh Duong,Hau Nghia
Binh Duong,Tay Ninh
Bien Hoa,Long Khanh
Bien Hoa,Phuoc Tuy
Bien Hoa,Gia Dinh
Bien Hoa,Binh Duong
Binh Long,Phuoc Long
Binh Long,Binh Duong
Binh Long,Tay Ninh
Binh Thuan,Tuyen Duc
Binh Thuan,Ninh Thuan
Binh Thuan,Binh Tuy
Binh Thuan,Lam Dong
Binh Tuy,Lam Dong
Binh Tuy,Binh Thuan
Binh Tuy,Phuoc Tuy
Binh Tuy,Long Khanh
Chau Doc,Kien Phong
Chau Doc,An Giang
Chau Doc,Kien Giang
Chuong Thien,Phong Dinh
Chuong Thien,Ba Xuyen
Chuong Thien,Bac Lieu
Chuong Thien,An Xuyen
Darlac,Pleiku
Darlac,Phu Bon
Darlac,Phu Yen
Darlac,Khanh Hoa
Darlac,Quang Duc
Darlac,Tuyen Duc
Darlac,Khanh Hoa
Dinh Tuong,Kien Tuong
Dinh Tuong,Go Cong
Dinh Tuong,Kien Hoa
Dinh Tuong,Vinh Long
Dinh Tuong,Sa Dec
Dinh Tuong,Kien Phong
Gia Dinh,Binh Duong
Gia Dinh,Bien Hoa
Gia Dinh,Phuoc Tuy
Gia Dinh,Long An
Gia Dinh,Hau Nghia
Go Cong,Long An
Go Cong,Dinh Tuong
Go Cong,Kien Hoa
Hau Nghia,Tay Ninh
Hau Nghia,Binh Duong
Hau Nghia,Gia Dinh
Hau Nghia,Long An
Hau Nghia,Kien Tuong
Khanh Hoa,Phu Yen
Khanh Hoa,Darlac
Khanh Hoa,Tuyen Duc
Khanh Hoa,Ninh Thuan
Kien Giang,Chau Doc
Kien Giang,An Giang
Kien Giang,Phong Dinh
Kien Giang,Chuong Thien
Kien Giang,An Xuyen
Kien Hoa,Go Cong
Kien Hoa,Dinh Tuong
Kien Hoa,Vinh Binh
Kien Hoa,Vinh Long
Kien Phong,Kien Tuong
Kien Phong,Dinh Tuong
Kien Phong,Sa Dec
Kien Phong,An Giang
Kien Phong,Chau Doc
Kien Tuong,Hau Nghia
Kien Tuong,Long An
Kien Tuong,Dinh Tuong
Kien Tuong,Kien Phong
Kontum,Quang Tin
Kontum,Quang Ngai
Kontum,Binh Dinh
Kontum,Pleiku
Lam Dong,Quang Duc
Lam Dong,Tuyen Duc
Lam Dong,Binh Thuan
Lam Dong,Binh Tuy
Lam Dong,Long Khanh
Lam Dong,Phuoc Long
Long An,Kien Tuong
Long An,Hau Nghia
Long An,Gia Dinh
Long An,Go Cong
Long An,Dinh Tuong
Long Khanh,Phuoc Long
Long Khanh,Binh Tuy
Long Khanh,Phuoc Tuy
Long Khanh,Bien Hoa
Long Khanh,Binh Duong
Long Khanh,Phuoc Long
Ninh Thuan,Khanh Hoa
Ninh Thuan,Tuyen Duc
Ninh Thuan,Binh Thuan
Phu Bon,Pleiku
Phu Bon,Binh Dinh
Phu Bon,Phu Yen
Phu Bon,Darlac
Phu Yen,Binh Dinh
Phu Yen,Phu Bon
Phu Yen,Darlac
Phu Yen,Khanh Hoa
Phong Dinh,Sa Dec
Phong Dinh,Vinh Long
Phong Dinh,Ba Xuyen
Phong Dinh,Chuong Thien
Phong Dinh,Kien Giang
Phong Dinh,An Giang
Phuoc Long,Quang Duc
Phuoc Long,Lam Dong
Phuoc Long,Long Khanh
Phuoc Long,Binh Duong
Phuoc Long,Binh Long
Phuoc Tuy,Long Khanh
Phuoc Tuy,Binh Tuy
Phuoc Tuy,Gia Dinh
Phuoc Tuy,Bien Hoa
Pleiku,Kontum
Pleiku,Binh Dinh
Pleiku,Phu Bon
Pleiku,Darlac
Quang Duc,Darlac
Quang Duc,Tuyen Duc
Quang Duc,Lam Dong
Quang Duc,Phuoc Long
Quang Ngai,Quang Tin
Quang Ngai,Kontum
Quang Ngai,Binh Dinh
Quang Nam,Thua Thien
Quang Nam,Quang Tin
Quang Tin,Quang Nam
Quang Tin,Quang Ngai
Quang Tin,Kontum
Quang Tri,Thua Thien
Sa Dec,Kien Phong
Sa Dec,Dinh Tuong
Sa Dec,Vinh Long
Sa Dec,Phong Dinh
Sa Dec,An Giang
Tay Ninh,Binh Long
Tay Ninh,Binh Duong
Tay Ninh,Hau Nghia
Thua Thien,Quang Tri
Thua Thien,Quang Nam
Tuyen Duc,Darlac
Tuyen Duc,Khanh Hoa
Tuyen Duc,Ninh Thuan
Tuyen Duc,Binh Thuan
Tuyen Duc,Lam Dong
Tuyen Duc,Quang Duc
Vinh Binh,Vinh Long
Vinh Binh,Kien Hoa
Vinh Binh,Ba Xuyen
Vinh Long,Dinh Tuong
Vinh Long,Kien Hoa
Vinh Long,Vinh Binh
Vinh Long,Ba Xuyen
Vinh Long,Phong Dinh
Vinh Long,Sa Dec
